Indicator
#11-2-1
